 frequency       vdb(2)          vp(2)          
 1.00000000e+00 -1.73706998e-07 -1.99993786e-04 
 1.02329299e+00 -1.81893557e-07 -2.04652239e-04 
 1.04712855e+00 -1.90465937e-07 -2.09419202e-04 
 1.07151931e+00 -1.99442319e-07 -2.14297202e-04 
 1.09647820e+00 -2.08841745e-07 -2.19288825e-04 
 1.12201845e+00 -2.18684155e-07 -2.24396717e-04 
 1.14815362e+00 -2.28990421e-07 -2.29623588e-04 
 1.17489755e+00 -2.39782407e-07 -2.34972209e-04 
 1.20226443e+00 -2.51083002e-07 -2.40445414e-04 
 1.23026877e+00 -2.62916179e-07 -2.46046107e-04 
 1.25892541e+00 -2.75307037e-07 -2.51777257e-04 
 1.28824955e+00 -2.88281856e-07 -2.57641902e-04 
 1.31825674e+00 -3.01868162e-07 -2.63643153e-04 
 1.34896288e+00 -3.16094770e-07 -2.69784191e-04 
 1.38038426e+00 -3.30991858e-07 -2.76068271e-04 
 1.41253754e+00 -3.46591021e-07 -2.82498727e-04 
 1.44543977e+00 -3.62925352e-07 -2.89078967e-04 
 1.47910839e+00 -3.80029497e-07 -2.95812481e-04 
 1.51356125e+00 -3.97939732e-07 -3.02702839e-04 
 1.54881662e+00 -4.16694055e-07 -3.09753693e-04 
 1.58489319e+00 -4.36332239e-07 -3.16968783e-04 
 1.62181010e+00 -4.56895942e-07 -3.24351934e-04 
 1.65958691e+00 -4.78428784e-07 -3.31907060e-04 
 1.69824365e+00 -5.00976436e-07 -3.39638168e-04 
 1.73780083e+00 -5.24586728e-07 -3.47549357e-04 
 1.77827941e+00 -5.49309737e-07 -3.55644821e-04 
 1.81970086e+00 -5.75197906e-07 -3.63928852e-04 
 1.86208714e+00 -6.02306146e-07 -3.72405843e-04 
 1.90546072e+00 -6.30691959e-07 -3.81080289e-04 
 1.94984460e+00 -6.60415553e-07 -3.89956788e-04 
 1.99526231e+00 -6.91539975e-07 -3.99040048e-04 
 2.04173794e+00 -7.24131248e-07 -4.08334884e-04 
 2.08929613e+00 -7.58258500e-07 -4.17846224e-04 
 2.13796209e+00 -7.93994120e-07 -4.27579112e-04 
 2.18776162e+00 -8.31413905e-07 -4.37538707e-04 
 2.23872114e+00 -8.70597231e-07 -4.47730292e-04 
 2.29086765e+00 -9.11627211e-07 -4.58159268e-04 
 2.34422882e+00 -9.54590873e-07 -4.68831167e-04 
 2.39883292e+00 -9.99579350e-07 -4.79751646e-04 
 2.45470892e+00 -1.04668807e-06 -4.90926496e-04 
 2.51188643e+00 -1.09601695e-06 -5.02361641e-04 
 2.57039578e+00 -1.14767063e-06 -5.14063145e-04 
 2.63026799e+00 -1.20175867e-06 -5.26037211e-04 
 2.69153480e+00 -1.25839581e-06 -5.38290190e-04 
 2.75422870e+00 -1.31770216e-06 -5.50828577e-04 
 2.81838293e+00 -1.37980355e-06 -5.63659020e-04 
 2.88403150e+00 -1.44483167e-06 -5.76788322e-04 
 2.95120923e+00 -1.51292448e-06 -5.90223445e-04 
 3.01995172e+00 -1.58422640e-06 -6.03971512e-04 
 3.09029543e+00 -1.65888867e-06 -6.18039812e-04 
 3.16227766e+00 -1.73706967e-06 -6.32435805e-04 
 3.23593657e+00 -1.81893523e-06 -6.47167123e-04 
 3.31131121e+00 -1.90465899e-06 -6.62241577e-04 
 3.38844156e+00 -1.99442278e-06 -6.77667161e-04 
 3.46736850e+00 -2.08841701e-06 -6.93452052e-04 
 3.54813389e+00 -2.18684104e-06 -7.09604620e-04 
 3.63078055e+00 -2.28990366e-06 -7.26133429e-04 
 3.71535229e+00 -2.39782346e-06 -7.43047243e-04 
 3.80189396e+00 -2.51082937e-06 -7.60355030e-04 
 3.89045145e+00 -2.62916107e-06 -7.78065967e-04 
 3.98107171e+00 -2.75306958e-06 -7.96189444e-04 
 4.07380278e+00 -2.88281771e-06 -8.14735070e-04 
 4.16869383e+00 -3.01868067e-06 -8.33712679e-04 
 4.26579519e+00 -3.16094666e-06 -8.53132333e-04 
 4.36515832e+00 -3.30991743e-06 -8.73004328e-04 
 4.46683592e+00 -3.46590897e-06 -8.93339200e-04 
 4.57088190e+00 -3.62925216e-06 -9.14147732e-04 
 4.67735141e+00 -3.80029347e-06 -9.35440956e-04 
 4.78630092e+00 -3.97939570e-06 -9.57230161e-04 
 4.89778819e+00 -4.16693875e-06 -9.79526902e-04 
 5.01187234e+00 -4.36332043e-06 -1.00234300e-03 
 5.12861384e+00 -4.56895727e-06 -1.02569055e-03 
 5.24807460e+00 -4.78428548e-06 -1.04958194e-03 
 5.37031796e+00 -5.00976178e-06 -1.07402982e-03 
 5.49540874e+00 -5.24586443e-06 -1.09904717e-03 
 5.62341325e+00 -5.49309425e-06 -1.12464725e-03 
 5.75439937e+00 -5.75197563e-06 -1.15084362e-03 
 5.88843655e+00 -6.02305771e-06 -1.17765019e-03 
 6.02559586e+00 -6.30691546e-06 -1.20508116e-03 
 6.16595002e+00 -6.60415101e-06 -1.23315108e-03 
 6.30957344e+00 -6.91539481e-06 -1.26187483e-03 
 6.45654229e+00 -7.24130705e-06 -1.29126763e-03 
 6.60693448e+00 -7.58257904e-06 -1.32134509e-03 
 6.76082975e+00 -7.93993466e-06 -1.35212313e-03 
 6.91830971e+00 -8.31413189e-06 -1.38361808e-03 
 7.07945784e+00 -8.70596446e-06 -1.41584665e-03 
 7.24435960e+00 -9.11626349e-06 -1.44882591e-03 
 7.41310241e+00 -9.54589929e-06 -1.48257335e-03 
 7.58577575e+00 -9.99578314e-06 -1.51710687e-03 
 7.76247117e+00 -1.04668693e-05 -1.55244477e-03 
 7.94328235e+00 -1.09601570e-05 -1.58860579e-03 
 8.12830516e+00 -1.14766927e-05 -1.62560911e-03 
 8.31763771e+00 -1.20175718e-05 -1.66347434e-03 
 8.51138038e+00 -1.25839417e-05 -1.70222156e-03 
 8.70963590e+00 -1.31770037e-05 -1.74187132e-03 
 8.91250938e+00 -1.37980157e-05 -1.78244463e-03 
 9.12010839e+00 -1.44482951e-05 -1.82396300e-03 
 9.33254301e+00 -1.51292211e-05 -1.86644846e-03 
 9.54992586e+00 -1.58422380e-05 -1.90992353e-03 
 9.77237221e+00 -1.65888582e-05 -1.95441125e-03 
 1.00000000e+01 -1.73706655e-05 -1.99993522e-03 
 1.02329299e+01 -1.81893180e-05 -2.04651956e-03 
 1.04712855e+01 -1.90465523e-05 -2.09418899e-03 
 1.07151931e+01 -1.99441866e-05 -2.14296877e-03 
 1.09647820e+01 -2.08841249e-05 -2.19288477e-03 
 1.12201845e+01 -2.18683609e-05 -2.24396345e-03 
 1.14815362e+01 -2.28989822e-05 -2.29623189e-03 
 1.17489755e+01 -2.39781750e-05 -2.34971780e-03 
 1.20226443e+01 -2.51082284e-05 -2.40444955e-03 
 1.23026877e+01 -2.62915391e-05 -2.46045616e-03 
 1.25892541e+01 -2.75306173e-05 -2.51776730e-03 
 1.28824955e+01 -2.88280910e-05 -2.57641338e-03 
 1.31825674e+01 -3.01867123e-05 -2.63642548e-03 
 1.34896288e+01 -3.16093631e-05 -2.69783543e-03 
 1.38038426e+01 -3.30990608e-05 -2.76067577e-03 
 1.41253754e+01 -3.46589652e-05 -2.82497983e-03 
 1.44543977e+01 -3.62923851e-05 -2.89078170e-03 
 1.47910839e+01 -3.80027850e-05 -2.95811627e-03 
 1.51356125e+01 -3.97937929e-05 -3.02701923e-03 
 1.54881662e+01 -4.16692076e-05 -3.09752712e-03 
 1.58489319e+01 -4.36330070e-05 -3.16967732e-03 
 1.62181010e+01 -4.56893564e-05 -3.24350808e-03 
 1.65958691e+01 -4.78426176e-05 -3.31905854e-03 
 1.69824365e+01 -5.00973577e-05 -3.39636876e-03 
 1.73780083e+01 -5.24583592e-05 -3.47547972e-03 
 1.77827941e+01 -5.49306298e-05 -3.55643336e-03 
 1.81970086e+01 -5.75194135e-05 -3.63927262e-03 
 1.86208714e+01 -6.02302012e-05 -3.72404139e-03 
 1.90546072e+01 -6.30687425e-05 -3.81078463e-03 
 1.94984460e+01 -6.60410582e-05 -3.89954832e-03 
 1.99526231e+01 -6.91534526e-05 -3.99037951e-03 
 2.04173794e+01 -7.24125272e-05 -4.08332637e-03 
 2.08929613e+01 -7.58251947e-05 -4.17843816e-03 
 2.13796209e+01 -7.93986933e-05 -4.27576532e-03 
 2.18776162e+01 -8.31406027e-05 -4.37535943e-03 
 2.23872114e+01 -8.70588593e-05 -4.47727330e-03 
 2.29086765e+01 -9.11617738e-05 -4.58156095e-03 
 2.34422882e+01 -9.54580487e-05 -4.68827767e-03 
 2.39883292e+01 -9.99567961e-05 -4.79748002e-03 
 2.45470892e+01 -1.04667558e-04 -4.90922591e-03 
 2.51188643e+01 -1.09600326e-04 -5.02357457e-03 
 2.57039578e+01 -1.14765562e-04 -5.14058662e-03 
 2.63026799e+01 -1.20174221e-04 -5.26032408e-03 
 2.69153480e+01 -1.25837776e-04 -5.38285043e-03 
 2.75422870e+01 -1.31768237e-04 -5.50823061e-03 
 2.81838293e+01 -1.37978185e-04 -5.63653110e-03 
 2.88403150e+01 -1.44480788e-04 -5.76781990e-03 
 2.95120923e+01 -1.51289839e-04 -5.90216660e-03 
 3.01995172e+01 -1.58419779e-04 -6.03964241e-03 
 3.09029543e+01 -1.65885731e-04 -6.18032022e-03 
 3.16227766e+01 -1.73703528e-04 -6.32427457e-03 
 3.23593657e+01 -1.81889752e-04 -6.47158179e-03 
 3.31131121e+01 -1.90461764e-04 -6.62231993e-03 
 3.38844156e+01 -1.99437744e-04 -6.77656891e-03 
 3.46736850e+01 -2.08836730e-04 -6.93441048e-03 
 3.54813389e+01 -2.18678654e-04 -7.09592829e-03 
 3.63078055e+01 -2.28984389e-04 -7.26120794e-03 
 3.71535229e+01 -2.39775793e-04 -7.43033705e-03 
 3.80189396e+01 -2.51075752e-04 -7.60340524e-03 
 3.89045145e+01 -2.62908229e-04 -7.78050423e-03 
 3.98107171e+01 -2.75298319e-04 -7.96172789e-03 
 4.07380278e+01 -2.88272299e-04 -8.14717224e-03 
 4.16869383e+01 -3.01857682e-04 -8.33693557e-03 
 4.26579519e+01 -3.16083278e-04 -8.53111843e-03 
 4.36515832e+01 -3.30979257e-04 -8.72982372e-03 
 4.46683592e+01 -3.46577206e-04 -8.93315674e-03 
 4.57088190e+01 -3.62910204e-04 -9.14122524e-03 
 4.67735141e+01 -3.80012887e-04 -9.35413945e-03 
 4.78630092e+01 -3.97921522e-04 -9.57201219e-03 
 4.89778819e+01 -4.16674086e-04 -9.79495889e-03 
 5.01187234e+01 -4.36310344e-04 -1.00230977e-02 
 5.12861384e+01 -4.56871936e-04 -1.02565494e-02 
 5.24807460e+01 -4.78402461e-04 -1.04954378e-02 
 5.37031796e+01 -5.00947574e-04 -1.07398894e-02 
 5.49540874e+01 -5.24555080e-04 -1.09900336e-02 
 5.62341325e+01 -5.49275036e-04 -1.12460031e-02 
 5.75439937e+01 -5.75159857e-04 -1.15079333e-02 
 5.88843655e+01 -6.02264426e-04 -1.17759630e-02 
 6.02559586e+01 -6.30646214e-04 -1.20502341e-02 
 6.16595002e+01 -6.60365394e-04 -1.23308920e-02 
 6.30957344e+01 -6.91484979e-04 -1.26180852e-02 
 6.45654229e+01 -7.24070946e-04 -1.29119659e-02 
 6.60693448e+01 -7.58192380e-04 -1.32126896e-02 
 6.76082975e+01 -7.93921620e-04 -1.35204156e-02 
 6.91830971e+01 -8.31334412e-04 -1.38353068e-02 
 7.07945784e+01 -8.70510069e-04 -1.41575300e-02 
 7.24435960e+01 -9.11531640e-04 -1.44872556e-02 
 7.41310241e+01 -9.54486082e-04 -1.48246582e-02 
 7.58577575e+01 -9.99464450e-04 -1.51699165e-02 
 7.76247117e+01 -1.04656208e-03 -1.55232132e-02 
 7.94328235e+01 -1.09587881e-03 -1.58847351e-02 
 8.12830516e+01 -1.14751917e-03 -1.62546737e-02 
 8.31763771e+01 -1.20159260e-03 -1.66332246e-02 
 8.51138038e+01 -1.25821371e-03 -1.70205883e-02 
 8.70963590e+01 -1.31750250e-03 -1.74169694e-02 
 8.91250938e+01 -1.37958462e-03 -1.78225778e-02 
 9.12010839e+01 -1.44459163e-03 -1.82376280e-02 
 9.33254301e+01 -1.51266128e-03 -1.86623394e-02 
 9.54992586e+01 -1.58393781e-03 -1.90969367e-02 
 9.77237221e+01 -1.65857225e-03 -1.95416495e-02 
 1.00000000e+02 -1.73672272e-03 -1.99967131e-02 
 1.02329299e+02 -1.81855481e-03 -2.04623678e-02 
 1.04712855e+02 -1.90424187e-03 -2.09388599e-02 
 1.07151931e+02 -1.99396542e-03 -2.14264410e-02 
 1.09647820e+02 -2.08791553e-03 -2.19253688e-02 
 1.12201845e+02 -2.18629120e-03 -2.24359068e-02 
 1.14815362e+02 -2.28930077e-03 -2.29583247e-02 
 1.17489755e+02 -2.39716243e-03 -2.34928983e-02 
 1.20226443e+02 -2.51010457e-03 -2.40399098e-02 
 1.23026877e+02 -2.62836636e-03 -2.45996479e-02 
 1.25892541e+02 -2.75219821e-03 -2.51724081e-02 
 1.28824955e+02 -2.88186229e-03 -2.57584924e-02 
 1.31825674e+02 -3.01763310e-03 -2.63582100e-02 
 1.34896288e+02 -3.15979804e-03 -2.69718773e-02 
 1.38038426e+02 -3.30865803e-03 -2.75998177e-02 
 1.41253754e+02 -3.46452809e-03 -2.82423621e-02 
 1.44543977e+02 -3.62773810e-03 -2.88998491e-02 
 1.47910839e+02 -3.79863338e-03 -2.95726252e-02 
 1.51356125e+02 -3.97757549e-03 -3.02610444e-02 
 1.54881662e+02 -4.16494299e-03 -3.09654693e-02 
 1.58489319e+02 -4.36113219e-03 -3.16862706e-02 
 1.62181010e+02 -4.56655799e-03 -3.24238273e-02 
 1.65958691e+02 -4.78165481e-03 -3.31785274e-02 
 1.69824365e+02 -5.00687740e-03 -3.39507676e-02 
 1.73780083e+02 -5.24270189e-03 -3.47409537e-02 
 1.77827941e+02 -5.48962673e-03 -3.55495006e-02 
 1.81970086e+02 -5.74817372e-03 -3.63768328e-02 
 1.86208714e+02 -6.01888916e-03 -3.72233845e-02 
 1.90546072e+02 -6.30234495e-03 -3.80895997e-02 
 1.94984460e+02 -6.59913976e-03 -3.89759324e-02 
 1.99526231e+02 -6.90990035e-03 -3.98828470e-02 
 2.04173794e+02 -7.23528280e-03 -4.08108184e-02 
 2.08929613e+02 -7.57597393e-03 -4.17603322e-02 
 2.13796209e+02 -7.93269269e-03 -4.27318851e-02 
 2.18776162e+02 -8.30619169e-03 -4.37259847e-02 
 2.23872114e+02 -8.69725873e-03 -4.47431504e-02 
 2.29086765e+02 -9.10671845e-03 -4.57839130e-02 
 2.34422882e+02 -9.53543404e-03 -4.68488153e-02 
 2.39883292e+02 -9.98430902e-03 -4.79384122e-02 
 2.45470892e+02 -1.04542891e-02 -4.90532712e-02 
 2.51188643e+02 -1.09463642e-02 -5.01939723e-02 
 2.57039578e+02 -1.14615703e-02 -5.13611084e-02 
 2.63026799e+02 -1.20009918e-02 -5.25552856e-02 
 2.69153480e+02 -1.25657636e-02 -5.37771234e-02 
 2.75422870e+02 -1.31570736e-02 -5.50272551e-02 
 2.81838293e+02 -1.37761650e-02 -5.63063278e-02 
 2.88403150e+02 -1.44243386e-02 -5.76150031e-02 
 2.95120923e+02 -1.51029561e-02 -5.89539567e-02 
 3.01995172e+02 -1.58134421e-02 -6.03238796e-02 
 3.09029543e+02 -1.65572878e-02 -6.17254773e-02 
 3.16227766e+02 -1.73360533e-02 -6.31594711e-02 
 3.23593657e+02 -1.81513713e-02 -6.46265977e-02 
 3.31131121e+02 -1.90049500e-02 -6.61276096e-02 
 3.38844156e+02 -1.98985768e-02 -6.76632756e-02 
 3.46736850e+02 -2.08341220e-02 -6.92343811e-02 
 3.54813389e+02 -2.18135421e-02 -7.08417279e-02 
 3.63078055e+02 -2.28388841e-02 -7.24861351e-02 
 3.71535229e+02 -2.39122896e-02 -7.41684389e-02 
 3.80189396e+02 -2.50359989e-02 -7.58894933e-02 
 3.89045145e+02 -2.62123554e-02 -7.76501699e-02 
 3.98107171e+02 -2.74438105e-02 -7.94513586e-02 
 4.07380278e+02 -2.87329281e-02 -8.12939676e-02 
 4.16869383e+02 -3.00823900e-02 -8.31789239e-02 
 4.26579519e+02 -3.14950008e-02 -8.51071733e-02 
 4.36515832e+02 -3.29736936e-02 -8.70796806e-02 
 4.46683592e+02 -3.45215355e-02 -8.90974305e-02 
 4.57088190e+02 -3.61417340e-02 -9.11614269e-02 
 4.67735141e+02 -3.78376425e-02 -9.32726938e-02 
 4.78630092e+02 -3.96127672e-02 -9.54322753e-02 
 4.89778819e+02 -4.14707736e-02 -9.76412359e-02 
 5.01187234e+02 -4.34154935e-02 -9.99006605e-02 
 5.12861384e+02 -4.54509324e-02 -1.02211655e-01 
 5.24807460e+02 -4.75812765e-02 -1.04575345e-01 
 5.37031796e+02 -4.98109013e-02 -1.06992879e-01 
 5.49540874e+02 -5.21443788e-02 -1.09465426e-01 
 5.62341325e+02 -5.45864866e-02 -1.11994175e-01 
 5.75439937e+02 -5.71422164e-02 -1.14580337e-01 
 5.88843655e+02 -5.98167831e-02 -1.17225146e-01 
 6.02559586e+02 -6.26156340e-02 -1.19929856e-01 
 6.16595002e+02 -6.55444586e-02 -1.22695743e-01 
 6.30957344e+02 -6.86091990e-02 -1.25524103e-01 
 6.45654229e+02 -7.18160598e-02 -1.28416255e-01 
 6.60693448e+02 -7.51715193e-02 -1.31373539e-01 
 6.76082975e+02 -7.86823402e-02 -1.34397316e-01 
 6.91830971e+02 -8.23555817e-02 -1.37488968e-01 
 7.07945784e+02 -8.61986107e-02 -1.40649897e-01 
 7.24435960e+02 -9.02191146e-02 -1.43881527e-01 
 7.41310241e+02 -9.44251135e-02 -1.47185302e-01 
 7.58577575e+02 -9.88249735e-02 -1.50562683e-01 
 7.76247117e+02 -1.03427420e-01 -1.54015154e-01 
 7.94328235e+02 -1.08241551e-01 -1.57544216e-01 
 8.12830516e+02 -1.13276852e-01 -1.61151387e-01 
 8.31763771e+02 -1.18543210e-01 -1.64838206e-01 
 8.51138038e+02 -1.24050927e-01 -1.68606225e-01 
 8.70963590e+02 -1.29810739e-01 -1.72457015e-01 
 8.91250938e+02 -1.35833826e-01 -1.76392159e-01 
 9.12010839e+02 -1.42131832e-01 -1.80413257e-01 
 9.33254301e+02 -1.48716879e-01 -1.84521921e-01 
 9.54992586e+02 -1.55601585e-01 -1.88719773e-01 
 9.77237221e+02 -1.62799079e-01 -1.93008448e-01 
 1.00000000e+03 -1.70323017e-01 -1.97389587e-01 
 1.02329299e+03 -1.78187602e-01 -2.01864841e-01 
 1.04712855e+03 -1.86407597e-01 -2.06435866e-01 
 1.07151931e+03 -1.94998346e-01 -2.11104320e-01 
 1.09647820e+03 -2.03975788e-01 -2.15871864e-01 
 1.12201845e+03 -2.13356476e-01 -2.20740159e-01 
 1.14815362e+03 -2.23157593e-01 -2.25710863e-01 
 1.17489755e+03 -2.33396971e-01 -2.30785627e-01 
 1.20226443e+03 -2.44093103e-01 -2.35966098e-01 
 1.23026877e+03 -2.55265166e-01 -2.41253909e-01 
 1.25892541e+03 -2.66933029e-01 -2.46650680e-01 
 1.28824955e+03 -2.79117277e-01 -2.52158015e-01 
 1.31825674e+03 -2.91839219e-01 -2.57777496e-01 
 1.34896288e+03 -3.05120905e-01 -2.63510684e-01 
 1.38038426e+03 -3.18985140e-01 -2.69359109e-01 
 1.41253754e+03 -3.33455493e-01 -2.75324273e-01 
 1.44543977e+03 -3.48556315e-01 -2.81407638e-01 
 1.47910839e+03 -3.64312740e-01 -2.87610628e-01 
 1.51356125e+03 -3.80750702e-01 -2.93934623e-01 
 1.54881662e+03 -3.97896935e-01 -3.00380951e-01 
 1.58489319e+03 -4.15778984e-01 -3.06950887e-01 
 1.62181010e+03 -4.34425205e-01 -3.13645644e-01 
 1.65958691e+03 -4.53864770e-01 -3.20466371e-01 
 1.69824365e+03 -4.74127659e-01 -3.27414145e-01 
 1.73780083e+03 -4.95244665e-01 -3.34489965e-01 
 1.77827941e+03 -5.17247382e-01 -3.41694749e-01 
 1.81970086e+03 -5.40168199e-01 -3.49029323e-01 
 1.86208714e+03 -5.64040288e-01 -3.56494419e-01 
 1.90546072e+03 -5.88897585e-01 -3.64090666e-01 
 1.94984460e+03 -6.14774775e-01 -3.71818584e-01 
 1.99526231e+03 -6.41707270e-01 -3.79678577e-01 
 2.04173794e+03 -6.69731179e-01 -3.87670927e-01 
 2.08929613e+03 -6.98883279e-01 -3.95795786e-01 
 2.13796209e+03 -7.29200982e-01 -4.04053170e-01 
 2.18776162e+03 -7.60722293e-01 -4.12442953e-01 
 2.23872114e+03 -7.93485767e-01 -4.20964857e-01 
 2.29086765e+03 -8.27530463e-01 -4.29618449e-01 
 2.34422882e+03 -8.62895887e-01 -4.38403131e-01 
 2.39883292e+03 -8.99621935e-01 -4.47318138e-01 
 2.45470892e+03 -9.37748832e-01 -4.56362525e-01 
 2.51188643e+03 -9.77317058e-01 -4.65535170e-01 
 2.57039578e+03 -1.01836728e+00 -4.74834761e-01 
 2.63026799e+03 -1.06094029e+00 -4.84259793e-01 
 2.69153480e+03 -1.10507686e+00 -4.93808565e-01 
 2.75422870e+03 -1.15081776e+00 -5.03479174e-01 
 2.81838293e+03 -1.19820355e+00 -5.13269512e-01 
 2.88403150e+03 -1.24727458e+00 -5.23177261e-01 
 2.95120923e+03 -1.29807083e+00 -5.33199893e-01 
 3.01995172e+03 -1.35063183e+00 -5.43334667e-01 
 3.09029543e+03 -1.40499654e+00 -5.53578630e-01 
 3.16227766e+03 -1.46120328e+00 -5.63928610e-01 
 3.23593657e+03 -1.51928955e+00 -5.74381228e-01 
 3.31131121e+03 -1.57929198e+00 -5.84932888e-01 
 3.38844156e+03 -1.64124619e+00 -5.95579785e-01 
 3.46736850e+03 -1.70518666e+00 -6.06317911e-01 
 3.54813389e+03 -1.77114664e+00 -6.17143053e-01 
 3.63078055e+03 -1.83915804e+00 -6.28050803e-01 
 3.71535229e+03 -1.90925130e+00 -6.39036562e-01 
 3.80189396e+03 -1.98145526e+00 -6.50095548e-01 
 3.89045145e+03 -2.05579713e+00 -6.61222805e-01 
 3.98107171e+03 -2.13230230e+00 -6.72413212e-01 
 4.07380278e+03 -2.21099431e+00 -6.83661492e-01 
 4.16869383e+03 -2.29189470e+00 -6.94962225e-01 
 4.26579519e+03 -2.37502300e+00 -7.06309856e-01 
 4.36515832e+03 -2.46039656e+00 -7.17698715e-01 
 4.46683592e+03 -2.54803057e+00 -7.29123022e-01 
 4.57088190e+03 -2.63793792e+00 -7.40576908e-01 
 4.67735141e+03 -2.73012921e+00 -7.52054426e-01 
 4.78630092e+03 -2.82461265e+00 -7.63549566e-01 
 4.89778819e+03 -2.92139409e+00 -7.75056272e-01 
 5.01187234e+03 -3.02047692e+00 -7.86568459e-01 
 5.12861384e+03 -3.12186212e+00 -7.98080026e-01 
 5.24807460e+03 -3.22554823e+00 -8.09584873e-01 
 5.37031796e+03 -3.33153133e+00 -8.21076919e-01 
 5.49540874e+03 -3.43980512e+00 -8.32550118e-01 
 5.62341325e+03 -3.55036087e+00 -8.43998470e-01 
 5.75439937e+03 -3.66318754e+00 -8.55416043e-01 
 5.88843655e+03 -3.77827174e+00 -8.66796985e-01 
 6.02559586e+03 -3.89559786e+00 -8.78135537e-01 
 6.16595002e+03 -4.01514808e+00 -8.89426051e-01 
 6.30957344e+03 -4.13690247e+00 -9.00663000e-01 
 6.45654229e+03 -4.26083907e+00 -9.11840991e-01 
 6.60693448e+03 -4.38693395e+00 -9.22954778e-01 
 6.76082975e+03 -4.51516136e+00 -9.33999273e-01 
 6.91830971e+03 -4.64549374e+00 -9.44969554e-01 
 7.07945784e+03 -4.77790191e+00 -9.55860876e-01 
 7.24435960e+03 -4.91235512e+00 -9.66668678e-01 
 7.41310241e+03 -5.04882120e+00 -9.77388592e-01 
 7.58577575e+03 -5.18726662e+00 -9.88016446e-01 
 7.76247117e+03 -5.32765667e+00 -9.98548271e-01 
 7.94328235e+03 -5.46995550e+00 -1.00898031e+00 
 8.12830516e+03 -5.61412632e+00 -1.01930900e+00 
 8.31763771e+03 -5.76013143e+00 -1.02953101e+00 
 8.51138038e+03 -5.90793238e+00 -1.03964322e+00 
 8.70963590e+03 -6.05749009e+00 -1.04964271e+00 
 8.91250938e+03 -6.20876492e+00 -1.05952679e+00 
 9.12010839e+03 -6.36171681e+00 -1.06929297e+00 
 9.33254301e+03 -6.51630537e+00 -1.07893897e+00 
 9.54992586e+03 -6.67248997e+00 -1.08846274e+00 
 9.77237221e+03 -6.83022986e+00 -1.09786240e+00 
 1.00000000e+04 -6.98948423e+00 -1.10713629e+00 
 1.02329299e+04 -7.15021231e+00 -1.11628296e+00 
 1.04712855e+04 -7.31237348e+00 -1.12530113e+00 
 1.07151931e+04 -7.47592730e+00 -1.13418972e+00 
 1.09647820e+04 -7.64083360e+00 -1.14294780e+00 
 1.12201845e+04 -7.80705256e+00 -1.15157467e+00 
 1.14815362e+04 -7.97454477e+00 -1.16006974e+00 
 1.17489755e+04 -8.14327126e+00 -1.16843262e+00 
 1.20226443e+04 -8.31319358e+00 -1.17666307e+00 
 1.23026877e+04 -8.48427386e+00 -1.18476098e+00 
 1.25892541e+04 -8.65647479e+00 -1.19272641e+00 
 1.28824955e+04 -8.82975974e+00 -1.20055952e+00 
 1.31825674e+04 -9.00409274e+00 -1.20826064e+00 
 1.34896288e+04 -9.17943852e+00 -1.21583017e+00 
 1.38038426e+04 -9.35576255e+00 -1.22326868e+00 
 1.41253754e+04 -9.53303105e+00 -1.23057681e+00 
 1.44543977e+04 -9.71121100e+00 -1.23775530e+00 
 1.47910839e+04 -9.89027017e+00 -1.24480501e+00 
 1.51356125e+04 -1.00701771e+01 -1.25172687e+00 
 1.54881662e+04 -1.02509013e+01 -1.25852190e+00 
 1.58489319e+04 -1.04324127e+01 -1.26519119e+00 
 1.62181010e+04 -1.06146825e+01 -1.27173589e+00 
 1.65958691e+04 -1.07976825e+01 -1.27815725e+00 
 1.69824365e+04 -1.09813852e+01 -1.28445653e+00 
 1.73780083e+04 -1.11657642e+01 -1.29063509e+00 
 1.77827941e+04 -1.13507935e+01 -1.29669431e+00 
 1.81970086e+04 -1.15364484e+01 -1.30263562e+00 
 1.86208714e+04 -1.17227044e+01 -1.30846049e+00 
 1.90546072e+04 -1.19095384e+01 -1.31417044e+00 
 1.94984460e+04 -1.20969275e+01 -1.31976699e+00 
 1.99526231e+04 -1.22848499e+01 -1.32525172e+00 
 2.04173794e+04 -1.24732845e+01 -1.33062621e+00 
 2.08929613e+04 -1.26622108e+01 -1.33589207e+00 
 2.13796209e+04 -1.28516091e+01 -1.34105091e+00 
 2.18776162e+04 -1.30414602e+01 -1.34610439e+00 
 2.23872114e+04 -1.32317460e+01 -1.35105414e+00 
 2.29086765e+04 -1.34224487e+01 -1.35590182e+00 
 2.34422882e+04 -1.36135512e+01 -1.36064908e+00 
 2.39883292e+04 -1.38050371e+01 -1.36529759e+00 
 2.45470892e+04 -1.39968906e+01 -1.36984901e+00 
 2.51188643e+04 -1.41890964e+01 -1.37430500e+00 
 2.57039578e+04 -1.43816400e+01 -1.37866721e+00 
 2.63026799e+04 -1.45745072e+01 -1.38293728e+00 
 2.69153480e+04 -1.47676844e+01 -1.38711687e+00 
 2.75422870e+04 -1.49611587e+01 -1.39120760e+00 
 2.81838293e+04 -1.51549176e+01 -1.39521110e+00 
 2.88403150e+04 -1.53489489e+01 -1.39912896e+00 
 2.95120923e+04 -1.55432413e+01 -1.40296280e+00 
 3.01995172e+04 -1.57377835e+01 -1.40671418e+00 
 3.09029543e+04 -1.59325649e+01 -1.41038468e+00 
 3.16227766e+04 -1.61275754e+01 -1.41397585e+00 
 3.23593657e+04 -1.63228050e+01 -1.41748922e+00 
 3.31131121e+04 -1.65182445e+01 -1.42092630e+00 
 3.38844156e+04 -1.67138847e+01 -1.42428860e+00 
 3.46736850e+04 -1.69097171e+01 -1.42757759e+00 
 3.54813389e+04 -1.71057333e+01 -1.43079473e+00 
 3.63078055e+04 -1.73019254e+01 -1.43394146e+00 
 3.71535229e+04 -1.74982858e+01 -1.43701920e+00 
 3.80189396e+04 -1.76948071e+01 -1.44002935e+00 
 3.89045145e+04 -1.78914824e+01 -1.44297328e+00 
 3.98107171e+04 -1.80883050e+01 -1.44585236e+00 
 4.07380278e+04 -1.82852684e+01 -1.44866791e+00 
 4.16869383e+04 -1.84823664e+01 -1.45142125e+00 
 4.26579519e+04 -1.86795933e+01 -1.45411368e+00 
 4.36515832e+04 -1.88769433e+01 -1.45674647e+00 
 4.46683592e+04 -1.90744111e+01 -1.45932086e+00 
 4.57088190e+04 -1.92719915e+01 -1.46183809e+00 
 4.67735141e+04 -1.94696795e+01 -1.46429935e+00 
 4.78630092e+04 -1.96674704e+01 -1.46670585e+00 
 4.89778819e+04 -1.98653597e+01 -1.46905873e+00 
 5.01187234e+04 -2.00633431e+01 -1.47135915e+00 
 5.12861384e+04 -2.02614163e+01 -1.47360823e+00 
 5.24807460e+04 -2.04595754e+01 -1.47580706e+00 
 5.37031796e+04 -2.06578167e+01 -1.47795674e+00 
 5.49540874e+04 -2.08561365e+01 -1.48005831e+00 
 5.62341325e+04 -2.10545312e+01 -1.48211282e+00 
 5.75439937e+04 -2.12529977e+01 -1.48412129e+00 
 5.88843655e+04 -2.14515327e+01 -1.48608472e+00 
 6.02559586e+04 -2.16501332e+01 -1.48800409e+00 
 6.16595002e+04 -2.18487962e+01 -1.48988036e+00 
 6.30957344e+04 -2.20475190e+01 -1.49171448e+00 
 6.45654229e+04 -2.22462990e+01 -1.49350736e+00 
 6.60693448e+04 -2.24451335e+01 -1.49525991e+00 
 6.76082975e+04 -2.26440202e+01 -1.49697301e+00 
 6.91830971e+04 -2.28429567e+01 -1.49864754e+00 
 7.07945784e+04 -2.30419409e+01 -1.50028435e+00 
 7.24435960e+04 -2.32409706e+01 -1.50188426e+00 
 7.41310241e+04 -2.34400437e+01 -1.50344810e+00 
 7.58577575e+04 -2.36391584e+01 -1.50497666e+00 
 7.76247117e+04 -2.38383127e+01 -1.50647072e+00 
 7.94328235e+04 -2.40375050e+01 -1.50793105e+00 
 8.12830516e+04 -2.42367334e+01 -1.50935840e+00 
 8.31763771e+04 -2.44359965e+01 -1.51075350e+00 
 8.51138038e+04 -2.46352926e+01 -1.51211707e+00 
 8.70963590e+04 -2.48346203e+01 -1.51344981e+00 
 8.91250938e+04 -2.50339781e+01 -1.51475241e+00 
 9.12010839e+04 -2.52333648e+01 -1.51602555e+00 
 9.33254301e+04 -2.54327790e+01 -1.51726988e+00 
 9.54992586e+04 -2.56322195e+01 -1.51848604e+00 
 9.77237221e+04 -2.58316850e+01 -1.51967467e+00 
 1.00000000e+05 -2.60311746e+01 -1.52083638e+00 
